N <- 66
D <- 3
M <- 2
degree <- 
c(57, 65, 24, 64, 64, 24, 64, 64, 64, 64, 24, 65, 24, 64, 64, 64, 24,
64, 65, 64, 64, 24, 64, 24, 65, 64, 58, 58, 58, 8, 57, 57, 57, 57, 57, 57, 57,
57, 57, 57, 57, 57, 57, 57, 57, 57, 57, 57, 57, 57, 57, 57, 57, 57, 57, 57, 57,
57, 57, 57, 57, 57, 57, 58, 57, 57)
mass <- 
c(1.85511474437959, 0.330870852420541, 0.40986025369725,
0.435695929181858, 1.35095649839885, 0.940126904627223, 0.673299436507508,
-0.262714380229904, 0.330235548925018, -0.269067415185135, 0.794007100656903,
0.228586989641317, -0.106006184667532, 0.383177506885279, 0.268822877691116,
0.29211733919363, 0.442333925063234, 0.245723277453906, 0.337231097662307,
0.242168054079545, 0.229359584205365, -0.292341804475466, -0.430364022552298,
-0.36659964989715, -0.505080240083332, -0.283577746978386, 0.728991282782761,
-0.350301777079523, -0.375244435168132, -0.668816986315956, 0.470228098969187,
0.437733157205577, -0.641689526500737, -0.286458986415022, -0.424716545688707,
0.00271684281906601, -0.217706214332362, -0.151606450032419, -0.550308364240854,
0.369962418098505, -0.424716545688707, -0.607895177573304, -0.607895177573304,
-0.31432262642548, -0.0762276810595914, -0.15314658650704, 0.0224962071589423,
-0.36659964989715, -0.489386555498202, -0.621562360264835, -0.36659964989715,
0.402606573342347, -0.0134329923610464, -0.0677979977185728, -0.259271985104707,
0.320077101921288, -0.668816986315956, -0.0406856852751886, -0.0596910620702942,
-0.0667674952868166, -0.467832255005246, -0.707426827096095,
-0.0518830686433471, 0.00419258281095229, -0.419215773252072, 0.485082682577955)
diet <- 
structure(c(0, 1, 1, 1, 0, 0, 0, 0, 0, 1, 0, 0, 0, 1, 1, 1, 1, 0, 0, 1, 0, 1, 0,
0, 0, 0, 0, 1, 1, 1, 1, 1, 1, 0, 0, 1, 1, 1, 1, 0, 0, 1, 1, 0, 0, 0, 1, 0, 1, 1,
0, 1, 1, 1, 0, 0, 1, 0, 0, 1, 0, 0, 0, 0, 0, 0, 1, 0, 0, 0, 1, 0, 1, 1, 0, 0, 0,
0, 0, 0, 0, 0, 0, 0, 0, 0, 0, 0, 0, 0, 0, 1, 1, 0, 0, 0, 0, 0, 0, 0, 0, 0, 0, 0,
0, 1, 1, 0, 0, 0, 0, 0, 0, 1, 0, 0, 0, 0, 0, 0, 0, 1, 0, 1, 0, 0, 0, 0, 0, 0, 1,
0, 0, 0, 0, 0, 0, 1, 0, 0, 1, 0, 1, 1, 1, 0, 0, 0, 0, 0, 0, 0, 1, 0, 1, 1, 1, 0,
0, 0, 0, 0, 0, 0, 0, 0, 0, 0, 0, 0, 0, 0, 0, 0, 0, 0, 0, 1, 0, 0, 0, 0, 0, 0, 0,
0, 0, 0, 0, 0, 1, 0, 0, 0, 0, 0, 0, 1),
.Dim = c(66, 3))
move <- 
structure(c(0, 1, 0, 0, 0, 1, 0, 0, 1, 1, 0, 0, 0, 1, 1, 1, 1, 1, 0, 1, 0, 1, 0,
0, 0, 0, 0, 1, 1, 1, 1, 1, 1, 1, 1, 1, 1, 1, 1, 1, 1, 1, 1, 1, 1, 0, 1, 0, 1, 1,
1, 1, 1, 1, 1, 0, 1, 0, 0, 1, 1, 1, 0, 0, 0, 1, 0, 0, 0, 0, 1, 0, 1, 0, 0, 0, 1,
1, 1, 0, 0, 0, 0, 0, 0, 0, 0, 0, 0, 0, 0, 1, 0, 0, 0, 0, 0, 0, 0, 0, 0, 0, 0, 0,
0, 0, 0, 0, 0, 0, 0, 0, 0, 1, 0, 0, 0, 0, 0, 0, 0, 0, 0, 0, 0, 0, 0, 0, 0, 0, 0,
0),
.Dim = c(66, 2))
vcv <- 
structure(c(0.899497487437186, 0, 0.0402010050251256, 0.0201005025125628,
0.376884422110553, 0.376884422110553, 0.376884422110553, 0.376884422110553,
0.376884422110553, 0.0402010050251256, 0.376884422110553, 0.135678391959799,
0.120603015075377, 0.376884422110553, 0.376884422110553, 0.0251256281407035,
0.0201005025125628, 0.0201005025125628, 0.0201005025125628, 0.0251256281407035,
0, 0.0251256281407035, 0.0251256281407035, 0.0402010050251256,
0.376884422110553, 0.376884422110553, 0.150753768844221, 0.557788944723618,
0.0201005025125628, 0.376884422110553, 0, 0.0201005025125628,
0.0201005025125628, 0.376884422110553, 0.0351758793969849, 0.0251256281407035,
0.0201005025125628, 0.0402010050251256, 0.557788944723618, 0.557788944723618,
0.376884422110553, 0.376884422110553, 0.376884422110553, 0.135678391959799,
0.14572864321608, 0.0201005025125628, 0.376884422110553, 0.376884422110553,
0.376884422110553, 0.376884422110553, 0.376884422110553, 0.381909547738693,
0.150753768844221, 0.0251256281407035, 0.0251256281407035, 0.376884422110553,
0.381909547738693, 0.0402010050251256, 0.0251256281407035, 0.376884422110553,
0.376884422110553, 0.0201005025125628, 0.0201005025125628, 0.376884422110553,
0.376884422110553, 0.0201005025125628, 0, 0.798994974874372, 0, 0, 0, 0, 0, 0,
0, 0, 0, 0, 0, 0, 0, 0, 0, 0, 0, 0, 0.668341708542713, 0, 0, 0, 0, 0, 0, 0, 0,
0, 0.678391959798995, 0, 0, 0, 0, 0, 0, 0, 0, 0, 0, 0, 0, 0, 0, 0, 0, 0, 0, 0,
0, 0, 0, 0, 0, 0, 0, 0, 0, 0, 0, 0, 0, 0, 0, 0, 0.0402010050251256, 0,
0.698492462311558, 0.0201005025125628, 0.0402010050251256, 0.0402010050251256,
0.0402010050251256, 0.0402010050251256, 0.0402010050251256, 0.14572864321608,
0.0402010050251256, 0.0402010050251256, 0.0402010050251256, 0.0402010050251256,
0.0402010050251256, 0.0251256281407035, 0.0201005025125628, 0.0201005025125628,
0.0201005025125628, 0.0251256281407035, 0, 0.0251256281407035,
0.0251256281407035, 0.678391959798995, 0.0402010050251256, 0.0402010050251256,
0.0402010050251256, 0.0402010050251256, 0.0201005025125628, 0.0402010050251256,
0, 0.0201005025125628, 0.0201005025125628, 0.0402010050251256,
0.0351758793969849, 0.0251256281407035, 0.0201005025125628, 0.155778894472362,
0.0402010050251256, 0.0402010050251256, 0.0402010050251256, 0.0402010050251256,
0.0402010050251256, 0.0402010050251256, 0.0402010050251256, 0.0201005025125628,
0.0402010050251256, 0.0402010050251256, 0.0402010050251256, 0.0402010050251256,
0.0402010050251256, 0.0402010050251256, 0.0402010050251256, 0.0251256281407035,
0.0251256281407035, 0.0402010050251256, 0.0402010050251256, 0.155778894472362,
0.0251256281407035, 0.0402010050251256, 0.0402010050251256, 0.0201005025125628,
0.0201005025125628, 0.0402010050251256, 0.0402010050251256, 0.0201005025125628,
0.0201005025125628, 0, 0.0201005025125628, 0.899497487437186,
0.0201005025125628, 0.0201005025125628, 0.0201005025125628, 0.0201005025125628,
0.0201005025125628, 0.0201005025125628, 0.0201005025125628, 0.0201005025125628,
0.0201005025125628, 0.0201005025125628, 0.0201005025125628, 0.0201005025125628,
0.386934673366834, 0.386934673366834, 0.542713567839196, 0.0201005025125628, 0,
0.0201005025125628, 0.0201005025125628, 0.0201005025125628, 0.0201005025125628,
0.0201005025125628, 0.0201005025125628, 0.0201005025125628, 0.542713567839196,
0.0201005025125628, 0, 0.889447236180904, 0.889447236180904, 0.0201005025125628,
0.0201005025125628, 0.0201005025125628, 0.683417085427136, 0.0201005025125628,
0.0201005025125628, 0.0201005025125628, 0.0201005025125628, 0.0201005025125628,
0.0201005025125628, 0.0201005025125628, 0.0201005025125628, 0.542713567839196,
0.0201005025125628, 0.0201005025125628, 0.0201005025125628, 0.0201005025125628,
0.0201005025125628, 0.0201005025125628, 0.0201005025125628, 0.0201005025125628,
0.0201005025125628, 0.0201005025125628, 0.0201005025125628, 0.0201005025125628,
0.0201005025125628, 0.0201005025125628, 0.0201005025125628, 0.542713567839196,
0.542713567839196, 0.0201005025125628, 0.0201005025125628, 0.542713567839196,
0.376884422110553, 0, 0.0402010050251256, 0.0201005025125628, 0.899497487437186,
0.477386934673367, 0.477386934673367, 0.477386934673367, 0.477386934673367,
0.0402010050251256, 0.477386934673367, 0.135678391959799, 0.120603015075377,
0.462311557788945, 0.477386934673367, 0.0251256281407035, 0.0201005025125628,
0.0201005025125628, 0.0201005025125628, 0.0251256281407035, 0,
0.0251256281407035, 0.0251256281407035, 0.0402010050251256, 0.462311557788945,
0.477386934673367, 0.150753768844221, 0.376884422110553, 0.0201005025125628,
0.462311557788945, 0, 0.0201005025125628, 0.0201005025125628, 0.462311557788945,
0.0351758793969849, 0.0251256281407035, 0.0201005025125628, 0.0402010050251256,
0.376884422110553, 0.376884422110553, 0.477386934673367, 0.477386934673367,
0.477386934673367, 0.135678391959799, 0.14572864321608, 0.0201005025125628,
0.462311557788945, 0.462311557788945, 0.462311557788945, 0.462311557788945,
0.462311557788945, 0.376884422110553, 0.150753768844221, 0.0251256281407035,
0.0251256281407035, 0.462311557788945, 0.376884422110553, 0.0402010050251256,
0.0251256281407035, 0.462311557788945, 0.477386934673367, 0.0201005025125628,
0.0201005025125628, 0.477386934673367, 0.477386934673367, 0.0201005025125628,
