N <- 45
D <- 3
M <- 2
degree <- 
c(20, 27, 28, 20, 20, 37, 28, 20, 20, 28, 29, 20, 33, 33, 20, 28, 27,
28, 20, 21, 25, 17, 15, 22, 15, 22, 15, 15, 15, 15, 5, 5, 14, 5, 10, 10, 10, 9,
9, 9, 9, 9, 9, 9, 9)
mass <- 
c(0.297503886000251, -0.65450213371337, 0.203449905862528,
0.446719673269817, 0.514897187702433, 0.961150009443193, 0.0361050977097432,
0.0330061197809879, -0.121942776656776, -0.0692601518679363, 0.146118814180556,
-0.0599632180816704, 0.0980846562848487, 1.29832187022548, -0.0263666033964959,
-0.0435185782671097, 0.892516425803593, 1.11384759144199, 0.613952405427019,
0.68529678051817, -0.181407810215689, 0.618423459384801, 0.343598669046624,
-0.384132536793792, -0.308687076188758, -0.422090515830983, -0.648281372390519,
-0.435425659418581, -0.58545500134514, -0.640721390295448, -0.500225928449865,
-0.606145543272108, -0.244888569852951, -0.715030709843287, -0.0885643776510211,
0.0196721948528439, -0.277135656326599, 0.192254028882922, -0.131683513130918,
0.139317043583218, -0.140491412546551, -0.519223022958779, -0.354712581587362,
0.0859945751650123, -0.580374254484328)
diet <- 
structure(c(0, 0, 0, 1, 1, 1, 1, 0, 0, 0, 0, 1, 1, 1, 1, 1, 1, 1, 0, 1, 1, 0, 0,
1, 1, 1, 0, 1, 0, 0, 1, 1, 1, 1, 0, 1, 1, 1, 0, 0, 1, 1, 1, 1, 0, 0, 0, 0, 0, 0,
0, 0, 0, 0, 0, 0, 0, 0, 0, 0, 0, 0, 0, 0, 0, 0, 0, 0, 0, 0, 0, 0, 0, 0, 0, 0, 0,
0, 0, 1, 0, 0, 0, 1, 1, 0, 0, 0, 0, 0, 0, 0, 0, 0, 0, 0, 0, 0, 1, 0, 1, 0, 0, 0,
0, 0, 0, 0, 1, 0, 0, 0, 0, 0, 0, 0, 0, 0, 0, 0, 0, 0, 0, 0, 0, 0, 0, 0, 0, 0, 0,
0, 0, 0, 0),
.Dim = c(45, 3))
move <- 
structure(c(1, 1, 1, 1, 1, 1, 1, 1, 0, 1, 1, 1, 1, 1, 1, 1, 1, 1, 1, 1, 1, 1, 1,
1, 1, 1, 1, 1, 1, 1, 1, 1, 1, 1, 1, 1, 1, 1, 1, 1, 1, 1, 1, 1, 1, 0, 0, 0, 0, 0,
0, 0, 0, 1, 0, 0, 0, 0, 0, 0, 0, 0, 0, 0, 0, 0, 0, 0, 0, 0, 0, 0, 0, 0, 0, 0, 0,
0, 0, 0, 0, 0, 0, 0, 0, 0, 0, 0, 0, 0),
.Dim = c(45, 2))
vcv <- 
structure(c(0.943502824858757, 0.0564971751412429, 0.0677966101694915,
0.940677966101695, 0.0564971751412429, 0.0564971751412429, 0.0564971751412429,
0.0677966101694915, 0.0677966101694915, 0.0564971751412429, 0.0677966101694915,
0.0564971751412429, 0.0677966101694915, 0.0677966101694915, 0.0677966101694915,
0.0677966101694915, 0.0677966101694915, 0.0677966101694915, 0.0677966101694915,
0.0677966101694915, 0.0677966101694915, 0.0677966101694915, 0.0564971751412429,
0.0677966101694915, 0.0677966101694915, 0.0677966101694915, 0.0677966101694915,
0.0564971751412429, 0.0677966101694915, 0.0677966101694915, 0.0677966101694915,
0.0677966101694915, 0.0677966101694915, 0.0677966101694915, 0.0677966101694915,
0, 0.0677966101694915, 0.0677966101694915, 0.0677966101694915,
0.0677966101694915, 0.0677966101694915, 0.0564971751412429, 0.0564971751412429,
0.0564971751412429, 0.0677966101694915, 0.0564971751412429, 0.943502824858757,
0.0564971751412429, 0.0564971751412429, 0.768361581920904, 0.929378531073446,
0.929378531073446, 0.0564971751412429, 0.0564971751412429, 0.76271186440678,
0.0564971751412429, 0.929378531073446, 0.0564971751412429, 0.0564971751412429,
0.0564971751412429, 0.0564971751412429, 0.0564971751412429, 0.0564971751412429,
0.0564971751412429, 0.0564971751412429, 0.0564971751412429, 0.0564971751412429,
0.929378531073446, 0.0564971751412429, 0.0564971751412429, 0.0564971751412429,
0.0564971751412429, 0.923728813559322, 0.0564971751412429, 0.0564971751412429,
0.0564971751412429, 0.0564971751412429, 0.0564971751412429, 0.0564971751412429,
0.0564971751412429, 0, 0.0564971751412429, 0.0564971751412429,
0.0564971751412429, 0.0564971751412429, 0.0564971751412429, 0.76271186440678,
0.940677966101695, 0.76271186440678, 0.0564971751412429, 0.0677966101694915,
0.0564971751412429, 1, 0.0677966101694915, 0.0564971751412429,
0.0564971751412429, 0.0564971751412429, 0.709039548022599, 0.299435028248587,
0.0564971751412429, 0.709039548022599, 0.0564971751412429, 0.709039548022599,
0.709039548022599, 0.299435028248587, 0.299435028248587, 0.881355932203389,
0.299435028248587, 0.245762711864407, 0.245762711864407, 0.245762711864407,
0.299435028248587, 0.0564971751412429, 0.644067796610169, 0.245762711864407,
0.709039548022599, 0.245762711864407, 0.0564971751412429, 0.299435028248587,
0.590395480225989, 0.299435028248587, 0.245762711864407, 0.245762711864407,
0.299435028248587, 0.299435028248587, 0, 0.299435028248587, 0.299435028248587,
0.649717514124294, 0.881355932203389, 0.644067796610169, 0.0564971751412429,
0.0564971751412429, 0.0564971751412429, 0.245762711864407, 0.940677966101695,
0.0564971751412429, 0.0677966101694915, 1, 0.0564971751412429,
0.0564971751412429, 0.0564971751412429, 0.0677966101694915, 0.0677966101694915,
0.0564971751412429, 0.0677966101694915, 0.0564971751412429, 0.0677966101694915,
0.0677966101694915, 0.0677966101694915, 0.0677966101694915, 0.0677966101694915,
0.0677966101694915, 0.0677966101694915, 0.0677966101694915, 0.0677966101694915,
0.0677966101694915, 0.0564971751412429, 0.0677966101694915, 0.0677966101694915,
0.0677966101694915, 0.0677966101694915, 0.0564971751412429, 0.0677966101694915,
0.0677966101694915, 0.0677966101694915, 0.0677966101694915, 0.0677966101694915,
0.0677966101694915, 0.0677966101694915, 0, 0.0677966101694915,
0.0677966101694915, 0.0677966101694915, 0.0677966101694915, 0.0677966101694915,
0.0564971751412429, 0.0564971751412429, 0.0564971751412429, 0.0677966101694915,
0.0564971751412429, 0.768361581920904, 0.0564971751412429, 0.0564971751412429,
0.774011299435028, 0.768361581920904, 0.768361581920904, 0.0564971751412429,
0.0564971751412429, 0.76271186440678, 0.0564971751412429, 0.768361581920904,
0.0564971751412429, 0.0564971751412429, 0.0564971751412429, 0.0564971751412429,
0.0564971751412429, 0.0564971751412429, 0.0564971751412429, 0.0564971751412429,
0.0564971751412429, 0.0564971751412429, 0.768361581920904, 0.0564971751412429,
0.0564971751412429, 0.0564971751412429, 0.0564971751412429, 0.768361581920904,
0.0564971751412429, 0.0564971751412429, 0.0564971751412429, 0.0564971751412429,
0.0564971751412429, 0.0564971751412429, 0.0564971751412429, 0,
0.0564971751412429, 0.0564971751412429, 0.0564971751412429, 0.0564971751412429,
0.0564971751412429, 0.76271186440678, 0.768361581920904, 0.76271186440678,
0.0564971751412429, 0.0564971751412429, 0.929378531073446, 0.0564971751412429,
0.0564971751412429, 0.768361581920904, 0.943502824858757, 0.932203389830508,
0.0564971751412429, 0.0564971751412429, 0.76271186440678, 0.0564971751412429,
0.932203389830508, 0.0564971751412429, 0.0564971751412429, 0.0564971751412429,
0.0564971751412429, 0.0564971751412429, 0.0564971751412429, 0.0564971751412429,
0.0564971751412429, 0.0564971751412429, 0.0564971751412429, 0.937853107344633,
0.0564971751412429, 0.0564971751412429, 0.0564971751412429, 0.0564971751412429,
0.923728813559322, 0.0564971751412429, 0.0564971751412429, 0.0564971751412429,
0.0564971751412429, 0.0564971751412429, 0.0564971751412429, 0.0564971751412429,
0, 0.0564971751412429, 0.0564971751412429, 0.0564971751412429,
0.0564971751412429, 0.0564971751412429, 0.76271186440678, 0.929378531073446,
0.76271186440678, 0.0564971751412429, 0.0564971751412429, 0.929378531073446,
0.0564971751412429, 0.0564971751412429, 0.768361581920904, 0.932203389830508, 1,
0.0564971751412429, 0.0564971751412429, 0.76271186440678, 0.0564971751412429,
0.937853107344633, 0.0564971751412429, 0.0564971751412429, 0.0564971751412429,
0.0564971751412429, 0.0564971751412429, 0.0564971751412429, 0.0564971751412429,
0.0564971751412429, 0.0564971751412429, 0.0564971751412429, 0.932203389830508,
0.0564971751412429, 0.0564971751412429, 0.0564971751412429, 0.0564971751412429,
0.923728813559322, 0.0564971751412429, 0.0564971751412429, 0.0564971751412429,
0.0564971751412429, 0.0564971751412429, 0.0564971751412429, 0.0564971751412429,
0, 0.0564971751412429, 0.0564971751412429, 0.0564971751412429,
0.0564971751412429, 0.0564971751412429, 0.76271186440678, 0.929378531073446,
0.76271186440678, 0.0564971751412429, 0.0677966101694915, 0.0564971751412429,
