N <- 42
D <- 3
M <- 2
degree <- 
c(28, 29, 30, 11, 26, 7, 7, 7, 6, 24, 24, 6, 24, 24, 5, 26, 22, 22,
22, 22, 22, 22, 22, 22, 22, 22, 22, 22, 22, 22, 6, 6, 0, 2, 2, 2, 0, 2, 2, 2, 2,
2)
mass <- 
c(0.38826287637866, -0.599979568641612, 0.958142919136932,
1.17528603449783, 0.961359854179316, 0.298671235448274, 0.620364739686644,
0.490078870470104, 0.488470402948912, 0.517422818330365, -0.442832291821169,
1.10933886612897, 0.113697470511211, -0.10505411237088, -0.233731514066228,
-0.328631097816547, -0.00532912605698557, 0.0520648296398031,
0.0342599951828103, 0.0591705235517585, 0.790816421528679, 0.388629414382998,
0.0922294209988282, -0.148063567232219, -0.358721613596014, -0.349818730572399,
-0.593522025041802, -0.364619671565136, -0.557630109556571, -0.0877953428492344,
-0.257052484845987, -0.333048685689053, -0.539401558603002, -0.378791439382258,
-0.490281912115896, -0.559246673436314, -0.0664039385155174, -0.448081472304161,
-0.241902777212482, -0.240105588100823, -0.396681721542131, -0.411539670067671)
diet <- 
structure(c(0, 0, 1, 0, 0, 0, 0, 1, 1, 1, 0, 0, 0, 1, 1, 1, 0, 1, 1, 1, 1, 1, 1,
1, 1, 0, 1, 1, 1, 0, 1, 1, 0, 1, 1, 0, 1, 1, 1, 1, 1, 0, 0, 0, 0, 1, 0, 0, 0, 0,
0, 0, 1, 1, 0, 0, 0, 0, 0, 0, 0, 0, 0, 0, 0, 0, 0, 0, 0, 0, 0, 0, 0, 0, 0, 0, 0,
1, 0, 0, 0, 0, 0, 0, 0, 0, 0, 0, 0, 0, 0, 0, 0, 0, 0, 0, 0, 0, 0, 0, 1, 0, 0, 0,
0, 0, 0, 0, 0, 1, 0, 0, 0, 0, 0, 0, 0, 0, 0, 0, 0, 0, 0, 0, 0, 0),
.Dim = c(42, 3))
move <- 
structure(c(1, 1, 1, 0, 1, 1, 1, 1, 1, 1, 1, 0, 1, 1, 1, 1, 1, 1, 1, 1, 1, 1, 1,
1, 1, 1, 1, 1, 1, 1, 1, 1, 1, 1, 1, 1, 1, 0, 1, 1, 1, 1, 0, 0, 0, 1, 0, 0, 0, 0,
0, 0, 0, 0, 0, 0, 0, 0, 0, 0, 0, 0, 0, 0, 0, 0, 0, 0, 0, 0, 0, 0, 0, 0, 0, 0, 0,
0, 0, 1, 0, 0, 0, 0),
.Dim = c(42, 2))
vcv <- 
structure(c(0.848101265822785, 0.845569620253165, 0.843037974683544,
0.837974683544304, 0.270886075949367, 0.0531645569620253, 0.579746835443038,
0.0531645569620253, 0.222784810126582, 0.0632911392405063, 0.270886075949367,
0.270886075949367, 0.222784810126582, 0.222784810126582, 0.837974683544304,
0.0531645569620253, 0.843037974683544, 0.0506329113924051, 0.270886075949367, 0,
0.270886075949367, 0.00253164556962025, 0.222784810126582, 0.222784810126582,
0.637974683544304, 0.222784810126582, 0.0531645569620253, 0.0531645569620253,
0.270886075949367, 0.0531645569620253, 0.0531645569620253, 0.531645569620253,
0.222784810126582, 0.0531645569620253, 0.270886075949367, 0.637974683544304,
0.843037974683544, 0.0531645569620253, 0.222784810126582, 0.222784810126582,
0.222784810126582, 0.270886075949367, 0.845569620253165, 0.848101265822785,
0.843037974683544, 0.837974683544304, 0.270886075949367, 0.0531645569620253,
0.579746835443038, 0.0531645569620253, 0.222784810126582, 0.0632911392405063,
0.270886075949367, 0.270886075949367, 0.222784810126582, 0.222784810126582,
0.837974683544304, 0.0531645569620253, 0.843037974683544, 0.0506329113924051,
0.270886075949367, 0, 0.270886075949367, 0.00253164556962025, 0.222784810126582,
0.222784810126582, 0.637974683544304, 0.222784810126582, 0.0531645569620253,
0.0531645569620253, 0.270886075949367, 0.0531645569620253, 0.0531645569620253,
0.531645569620253, 0.222784810126582, 0.0531645569620253, 0.270886075949367,
0.637974683544304, 0.843037974683544, 0.0531645569620253, 0.222784810126582,
0.222784810126582, 0.222784810126582, 0.270886075949367, 0.843037974683544,
0.843037974683544, 0.949367088607595, 0.837974683544304, 0.270886075949367,
0.0531645569620253, 0.579746835443038, 0.0531645569620253, 0.222784810126582,
0.0632911392405063, 0.270886075949367, 0.270886075949367, 0.222784810126582,
0.222784810126582, 0.837974683544304, 0.0531645569620253, 0.939240506329114,
0.0506329113924051, 0.270886075949367, 0, 0.270886075949367,
0.00253164556962025, 0.222784810126582, 0.222784810126582, 0.637974683544304,
0.222784810126582, 0.0531645569620253, 0.0531645569620253, 0.270886075949367,
0.0531645569620253, 0.0531645569620253, 0.531645569620253, 0.222784810126582,
0.0531645569620253, 0.270886075949367, 0.637974683544304, 0.946835443037975,
0.0531645569620253, 0.222784810126582, 0.222784810126582, 0.222784810126582,
0.270886075949367, 0.837974683544304, 0.837974683544304, 0.837974683544304,
0.949367088607595, 0.270886075949367, 0.0531645569620253, 0.579746835443038,
0.0531645569620253, 0.222784810126582, 0.0632911392405063, 0.270886075949367,
0.270886075949367, 0.222784810126582, 0.222784810126582, 0.845569620253165,
0.0531645569620253, 0.837974683544304, 0.0506329113924051, 0.270886075949367, 0,
0.270886075949367, 0.00253164556962025, 0.222784810126582, 0.222784810126582,
0.637974683544304, 0.222784810126582, 0.0531645569620253, 0.0531645569620253,
0.270886075949367, 0.0531645569620253, 0.0531645569620253, 0.531645569620253,
0.222784810126582, 0.0531645569620253, 0.270886075949367, 0.637974683544304,
0.837974683544304, 0.0531645569620253, 0.222784810126582, 0.222784810126582,
0.222784810126582, 0.270886075949367, 0.270886075949367, 0.270886075949367,
0.270886075949367, 0.270886075949367, 0.949367088607595, 0.0531645569620253,
0.270886075949367, 0.0531645569620253, 0.222784810126582, 0.0632911392405063,
0.946835443037975, 0.736708860759494, 0.222784810126582, 0.222784810126582,
0.270886075949367, 0.0531645569620253, 0.270886075949367, 0.0506329113924051,
0.273417721518987, 0, 0.275949367088608, 0.00253164556962025, 0.222784810126582,
0.222784810126582, 0.270886075949367, 0.222784810126582, 0.0531645569620253,
0.0531645569620253, 0.275949367088608, 0.0531645569620253, 0.0531645569620253,
0.270886075949367, 0.222784810126582, 0.0531645569620253, 0.736708860759494,
0.270886075949367, 0.270886075949367, 0.0531645569620253, 0.222784810126582,
0.222784810126582, 0.222784810126582, 0.275949367088608, 0.0531645569620253,
0.0531645569620253, 0.0531645569620253, 0.0531645569620253, 0.0531645569620253,
0.89873417721519, 0.0531645569620253, 0.686075949367089, 0.0531645569620253,
0.0531645569620253, 0.0531645569620253, 0.0531645569620253, 0.0531645569620253,
0.0531645569620253, 0.0531645569620253, 0.686075949367089, 0.0531645569620253,
0.0506329113924051, 0.0531645569620253, 0, 0.0531645569620253,
0.00253164556962025, 0.0531645569620253, 0.0531645569620253, 0.0531645569620253,
0.0531645569620253, 0.686075949367089, 0.686075949367089, 0.0531645569620253,
0.0835443037974684, 0.686075949367089, 0.0531645569620253, 0.0531645569620253,
0.686075949367089, 0.0531645569620253, 0.0531645569620253, 0.0531645569620253,
0.688607594936709, 0.0531645569620253, 0.0531645569620253, 0.0531645569620253,
0.0531645569620253, 0.579746835443038, 0.579746835443038, 0.579746835443038,
0.579746835443038, 0.270886075949367, 0.0531645569620253, 0.949367088607595,
0.0531645569620253, 0.222784810126582, 0.0632911392405063, 0.270886075949367,
0.270886075949367, 0.222784810126582, 0.222784810126582, 0.579746835443038,
0.0531645569620253, 0.579746835443038, 0.0506329113924051, 0.270886075949367, 0,
0.270886075949367, 0.00253164556962025, 0.222784810126582, 0.222784810126582,
0.579746835443038, 0.222784810126582, 0.0531645569620253, 0.0531645569620253,
0.270886075949367, 0.0531645569620253, 0.0531645569620253, 0.531645569620253,
0.222784810126582, 0.0531645569620253, 0.270886075949367, 0.579746835443038,
0.579746835443038, 0.0531645569620253, 0.222784810126582, 0.222784810126582,
0.222784810126582, 0.270886075949367, 0.0531645569620253, 0.0531645569620253,
0.0531645569620253, 0.0531645569620253, 0.0531645569620253, 0.686075949367089,
0.0531645569620253, 0.848101265822785, 0.0531645569620253, 0.0531645569620253,
0.0531645569620253, 0.0531645569620253, 0.0531645569620253, 0.0531645569620253,
0.0531645569620253, 0.843037974683544, 0.0531645569620253, 0.0506329113924051,
0.0531645569620253, 0, 0.0531645569620253, 0.00253164556962025,
0.0531645569620253, 0.0531645569620253, 0.0531645569620253, 0.0531645569620253,
0.837974683544304, 0.837974683544304, 0.0531645569620253, 0.0835443037974684,
0.837974683544304, 0.0531645569620253, 0.0531645569620253, 0.832911392405063,
