N <- 50
D <- 3
M <- 2
degree <- 
c(31, 23, 31, 47, 22, 31, 22, 31, 31, 22, 35, 31, 31, 31, 23, 30, 22,
35, 22, 22, 22, 31, 22, 27, 19, 21, 22, 6, 24, 20, 30, 19, 19, 22, 37, 20, 12,
18, 19, 5, 19, 16, 16, 16, 34, 20, 20, 20, 20, 1)
mass <- 
c(0.655304633613938, 0.741747814371632, -0.516141139711551,
-0.543664418760591, -0.420069316615847, 0.632046973070077, 0.545063025132075,
0.552852632410105, 0.704749974331691, 0.590502400920584, 0.561940507567807,
0.500921917223238, 0.506114988741925, 0.537273417854045, 0.545063025132075,
-0.215721952355526, 0.725522260406438, 0.667100205821212, 0.702153438572348,
-0.119650129259822, -0.0923865037867169, 0.968664704465091, 0.0574058400840241,
0.452369322466666, -0.32461097171641, -0.046985120167383, 0.106759143013497,
0.106740647851707, -0.0112785248377662, -0.0540011360617175, 0.0606907412135838,
-0.435188147968086, -0.527603959597905, -0.593108845823416, -0.56093307272158,
-0.647793637042793, -0.601487674722858, -0.511498602682262, -0.62515789681859,
-0.392539520118955, -0.415175260343158, -0.218993052959298, -0.683097917864012,
-0.548847442104415, -0.159632959531917, -0.667806524667721, -0.302983926905001,
-0.0898488266127611, -0.291362274580973, -0.303418857924728)
diet <- 
structure(c(1, 1, 0, 0, 0, 1, 1, 1, 0, 0, 0, 1, 1, 1, 1, 1, 0, 0, 0, 1, 1, 0, 0,
0, 0, 0, 0, 0, 0, 0, 1, 1, 1, 1, 1, 1, 0, 0, 0, 0, 1, 0, 0, 0, 0, 0, 0, 1, 0, 0,
0, 0, 0, 0, 1, 0, 0, 0, 0, 1, 1, 0, 0, 0, 0, 0, 0, 0, 0, 0, 0, 0, 0, 0, 0, 0, 0,
0, 0, 0, 0, 0, 0, 0, 0, 0, 0, 0, 0, 0, 0, 0, 1, 0, 1, 1, 0, 0, 0, 0, 0, 0, 1, 1,
0, 0, 0, 0, 1, 0, 0, 0, 0, 0, 0, 0, 1, 1, 1, 0, 0, 1, 1, 1, 1, 1, 1, 1, 1, 1, 0,
0, 0, 0, 0, 0, 1, 1, 1, 1, 0, 0, 0, 1, 0, 0, 1, 0, 1, 1),
.Dim = c(50, 3))
move <- 
structure(c(1, 1, 1, 1, 0, 0, 0, 0, 0, 0, 0, 1, 1, 1, 1, 1, 0, 0, 0, 1, 1, 0, 1,
1, 1, 1, 0, 0, 0, 0, 1, 1, 1, 1, 1, 1, 0, 0, 1, 0, 1, 0, 1, 1, 0, 0, 0, 0, 1, 0,
0, 0, 0, 0, 1, 1, 1, 1, 1, 1, 1, 0, 0, 0, 0, 0, 1, 1, 1, 0, 0, 0, 0, 0, 0, 0, 0,
0, 0, 0, 0, 0, 0, 0, 0, 0, 1, 1, 0, 1, 0, 1, 0, 0, 1, 1, 1, 1, 0, 1),
.Dim = c(50, 2))
vcv <- 
structure(c(1, 0, 0, 0.263157894736842, 0.421052631578947, 0.157894736842105,
0.157894736842105, 0, 0, 0, 0, 0, 0, 0, 0.631578947368421, 0.789473684210526,
0.368421052631579, 0, 0, 0, 0.421052631578947, 0, 0, 0.631578947368421,
0.684210526315789, 0.789473684210526, 0.263157894736842, 0, 0,
0.526315789473684, 0.789473684210526, 0.421052631578947, 0, 0, 0,
0.526315789473684, 0.421052631578947, 0, 0, 0, 0.368421052631579,
0.31578947368421, 0.263157894736842, 0.368421052631579, 0.631578947368421, 0, 0,
0.631578947368421, 0, 0, 0, 1, 0.105263157894737, 0, 0, 0, 0,
0.0526315789473684, 0.0526315789473684, 0.0526315789473684, 0.105263157894737,
0.105263157894737, 0.105263157894737, 0.105263157894737, 0, 0, 0,
0.105263157894737, 0.105263157894737, 0.105263157894737, 0, 0.105263157894737,
0.684210526315789, 0, 0, 0, 0, 0.0526315789473684, 0.105263157894737, 0, 0, 0,
0.0526315789473684, 0.0526315789473684, 0.0526315789473684, 0, 0,
0.105263157894737, 0.105263157894737, 0.0526315789473684, 0, 0, 0, 0, 0,
0.105263157894737, 0.105263157894737, 0, 0.105263157894737, 0.105263157894737,
0, 0.105263157894737, 1, 0, 0, 0, 0, 0.0526315789473684, 0.0526315789473684,
0.0526315789473684, 0.684210526315789, 0.421052631578947, 0.210526315789474,
0.631578947368421, 0, 0, 0, 0.684210526315789, 0.421052631578947,
0.421052631578947, 0, 0.684210526315789, 0.105263157894737, 0, 0, 0, 0,
0.0526315789473684, 0.789473684210526, 0, 0, 0, 0.0526315789473684,
0.0526315789473684, 0.0526315789473684, 0, 0, 0.263157894736842,
0.684210526315789, 0.0526315789473684, 0, 0, 0, 0, 0, 0.421052631578947,
0.526315789473684, 0, 0.315789473684211, 0.789473684210526, 0.263157894736842,
0, 0, 1, 0.263157894736842, 0.157894736842105, 0.157894736842105, 0, 0, 0, 0, 0,
0, 0, 0.263157894736842, 0.263157894736842, 0.263157894736842, 0, 0, 0,
0.263157894736842, 0, 0, 0.263157894736842, 0.263157894736842,
0.263157894736842, 0.684210526315789, 0, 0, 0.263157894736842,
0.263157894736842, 0.263157894736842, 0, 0, 0, 0.263157894736842,
0.263157894736842, 0, 0, 0, 0.263157894736842, 0.263157894736842,
0.684210526315789, 0.263157894736842, 0.263157894736842, 0, 0,
0.263157894736842, 0, 0, 0.421052631578947, 0, 0, 0.263157894736842, 1,
0.157894736842105, 0.157894736842105, 0, 0, 0, 0, 0, 0, 0, 0.421052631578947,
0.421052631578947, 0.368421052631579, 0, 0, 0, 0.578947368421053, 0, 0,
0.421052631578947, 0.421052631578947, 0.421052631578947, 0.263157894736842, 0,
0, 0.421052631578947, 0.421052631578947, 0.631578947368421, 0, 0, 0,
0.421052631578947, 0.631578947368421, 0, 0, 0, 0.368421052631579,
0.31578947368421, 0.263157894736842, 0.368421052631579, 0.421052631578947, 0, 0,
0.421052631578947, 0, 0, 0.157894736842105, 0, 0, 0.157894736842105,
0.157894736842105, 1, 0.842105263157895, 0, 0, 0, 0, 0, 0, 0, 0.157894736842105,
0.157894736842105, 0.157894736842105, 0, 0, 0, 0.157894736842105, 0, 0,
0.157894736842105, 0.157894736842105, 0.157894736842105, 0.157894736842105, 0,
0, 0.157894736842105, 0.157894736842105, 0.157894736842105, 0, 0, 0,
0.157894736842105, 0.157894736842105, 0, 0, 0, 0.157894736842105,
0.157894736842105, 0.157894736842105, 0.157894736842105, 0.157894736842105, 0,
0, 0.157894736842105, 0, 0, 0.157894736842105, 0, 0, 0.157894736842105,
0.157894736842105, 0.842105263157895, 1, 0, 0, 0, 0, 0, 0, 0, 0.157894736842105,
0.157894736842105, 0.157894736842105, 0, 0, 0, 0.157894736842105, 0, 0,
0.157894736842105, 0.157894736842105, 0.157894736842105, 0.157894736842105, 0,
0, 0.157894736842105, 0.157894736842105, 0.157894736842105, 0, 0, 0,
0.157894736842105, 0.157894736842105, 0, 0, 0, 0.157894736842105,
0.157894736842105, 0.157894736842105, 0.157894736842105, 0.157894736842105, 0,
0, 0.157894736842105, 0, 0, 0, 0.0526315789473684, 0.0526315789473684, 0, 0, 0,
0, 1, 0.789473684210526, 0.736842105263158, 0.0526315789473684,
0.0526315789473684, 0.0526315789473684, 0.0526315789473684, 0, 0, 0,
0.0526315789473684, 0.0526315789473684, 0.0526315789473684, 0,
0.0526315789473684, 0.0526315789473684, 0, 0, 0, 0, 0.578947368421052,
0.0526315789473684, 0, 0, 0, 0.526315789473684, 0.578947368421052,
0.578947368421052, 0, 0, 0.0526315789473684, 0.0526315789473684,
0.684210526315789, 0, 0, 0, 0, 0, 0.0526315789473684, 0.0526315789473684, 0,
0.0526315789473684, 0.0526315789473684, 0, 0.0526315789473684,
0.0526315789473684, 0, 0, 0, 0, 0.789473684210526, 1, 0.736842105263158,
0.0526315789473684, 0.0526315789473684, 0.0526315789473684, 0.0526315789473684,
0, 0, 0, 0.0526315789473684, 0.0526315789473684, 0.0526315789473684, 0,
0.0526315789473684, 0.0526315789473684, 0, 0, 0, 0, 0.578947368421052,
0.0526315789473684, 0, 0, 0, 0.526315789473684, 0.578947368421052,
0.578947368421052, 0, 0, 0.0526315789473684, 0.0526315789473684,
0.684210526315789, 0, 0, 0, 0, 0, 0.0526315789473684, 0.0526315789473684, 0,
0.0526315789473684, 0.0526315789473684, 0, 0.0526315789473684,
0.0526315789473684, 0, 0, 0, 0, 0.736842105263158, 0.736842105263158, 1,
0.0526315789473684, 0.0526315789473684, 0.0526315789473684, 0.0526315789473684,
0, 0, 0, 0.0526315789473684, 0.0526315789473684, 0.0526315789473684, 0,
0.0526315789473684, 0.0526315789473684, 0, 0, 0, 0, 0.578947368421052,
0.0526315789473684, 0, 0, 0, 0.526315789473684, 0.578947368421052,
0.578947368421052, 0, 0, 0.0526315789473684, 0.0526315789473684,
0.684210526315789, 0, 0, 0, 0, 0, 0.0526315789473684, 0.0526315789473684, 0,
0.0526315789473684, 0.0526315789473684, 0, 0.105263157894737, 0.684210526315789,
0, 0, 0, 0, 0.0526315789473684, 0.0526315789473684, 0.0526315789473684, 1,
0.421052631578947, 0.210526315789474, 0.631578947368421, 0, 0, 0,
0.736842105263158, 0.421052631578947, 0.421052631578947, 0, 0.736842105263158,
0.105263157894737, 0, 0, 0, 0, 0.0526315789473684, 0.684210526315789, 0, 0, 0,
0.0526315789473684, 0.0526315789473684, 0.0526315789473684, 0, 0,
0.263157894736842, 0.736842105263158, 0.0526315789473684, 0, 0, 0, 0, 0,
