N <- 46
D <- 3
M <- 2
degree <- 
c(1, 1, 0, 8, 8, 8, 8, 8, 8, 11, 8, 8, 3, 3, 31, 3, 3, 31, 3, 28, 28,
28, 28, 28, 28, 28, 28, 28, 28, 28, 28, 28, 28, 28, 28, 28, 28, 28, 28, 28, 28,
28, 28, 28, 28, 28)
mass <- 
c(0.543579483489828, 1.18810963379317, 0.0767968667420664,
0.153223904912604, -0.22489693646042, 1.06756919793468, 0.619814832895161,
0.32337056362762, 1.09690482874761, 0.499384348505222, 0.076333672571336,
0.414465417204625, 0.00222260525445077, 0.746421239561506, 0.505560270781629,
0.148900759319119, 0.048542022327504, 0.00389269797784662, 0.00389269797784662,
0.723501903476179, 0.158063609115797, 0.114725767213059, 0.00278589713136782,
-0.0543607981938154, -0.144632175534388, -0.455009481003734, -0.396039519245222,
-0.371192183311509, 0.367062958290428, -0.419840084681934, -0.686648361609323,
-0.632288320690862, -0.680216806288534, -0.274973075625371, -0.565663121913221,
-0.714669737023484, -0.474095235612046, -0.0998543001899177, -0.607649159192261,
-0.607649159192261, -0.276095975534156, -0.607649159192261, -0.204375895380075,
-0.106472372866157, -0.470084670984086, 0.189231350874383)
diet <- 
structure(c(1, 0, 1, 1, 0, 1, 1, 1, 1, 1, 0, 0, 0, 0, 0, 0, 1, 1, 1, 1, 1, 1, 0,
0, 0, 0, 0, 0, 0, 1, 1, 1, 0, 1, 1, 1, 0, 0, 1, 1, 0, 0, 1, 0, 0, 0, 0, 1, 0, 0,
1, 0, 0, 0, 0, 0, 0, 0, 0, 0, 0, 0, 0, 0, 0, 0, 0, 0, 0, 0, 0, 0, 0, 1, 1, 0, 0,
0, 0, 0, 0, 0, 1, 1, 0, 0, 0, 1, 0, 0, 1, 0, 0, 0, 0, 0, 0, 0, 0, 0, 0, 0, 1, 1,
1, 1, 1, 1, 0, 0, 0, 0, 0, 0, 1, 1, 1, 1, 1, 0, 0, 0, 0, 0, 1, 0, 0, 0, 0, 0, 0,
0, 1, 0, 0, 0, 0, 1),
.Dim = c(46, 3))
move <- 
structure(c(1, 0, 1, 0, 0, 1, 0, 1, 1, 1, 1, 0, 0, 0, 0, 0, 1, 1, 1, 1, 1, 1, 0,
0, 0, 0, 0, 0, 0, 1, 1, 1, 0, 1, 1, 1, 1, 1, 1, 1, 0, 0, 1, 0, 0, 1, 0, 0, 0, 0,
0, 0, 0, 0, 0, 0, 0, 1, 1, 1, 1, 1, 0, 0, 0, 0, 0, 0, 0, 0, 0, 0, 0, 1, 0, 0, 0,
0, 0, 0, 0, 0, 0, 0, 0, 0, 0, 0, 0, 0, 0, 0),
.Dim = c(46, 2))
vcv <- 
structure(c(0.874213836477987, 0, 0, 0, 0, 0, 0, 0, 0, 0, 0, 0, 0,
0.710691823899371, 0, 0, 0.867924528301887, 0, 0, 0, 0, 0, 0, 0, 0,
0.836477987421384, 0, 0, 0, 0, 0, 0, 0, 0, 0, 0, 0, 0, 0, 0, 0, 0,
0.867924528301887, 0, 0, 0, 0, 1, 0.0251572327044025, 0.0251572327044025,
0.0314465408805031, 0.0314465408805031, 0.0251572327044025, 0.0251572327044025,
0.0251572327044025, 0.861635220125786, 0.69811320754717, 0.0251572327044025,
0.050314465408805, 0, 0.0251572327044025, 0.0251572327044025, 0,
0.578616352201258, 0.723270440251572, 0.050314465408805, 0.182389937106918,
0.169811320754717, 0.0251572327044025, 0.0251572327044025, 0.0251572327044025,
0, 0.855345911949685, 0.723270440251572, 0.0314465408805031, 0.578616352201258,
0.578616352201258, 0.578616352201258, 0.578616352201258, 0.578616352201258,
0.578616352201258, 0.578616352201258, 0.578616352201258, 0.0314465408805031,
0.578616352201258, 0.578616352201258, 0.578616352201258, 0.578616352201258, 0,
0.169811320754717, 0.0251572327044025, 0.0251572327044025, 0,
0.0251572327044025, 1, 0.484276729559748, 0.0251572327044025,
0.0251572327044025, 0.484276729559748, 0.679245283018868, 0.685534591194969,
0.0251572327044025, 0.0251572327044025, 0.817610062893082, 0.0251572327044025,
0, 0.484276729559748, 0.679245283018868, 0, 0.0251572327044025,
0.0251572327044025, 0.0251572327044025, 0.0251572327044025, 0.0251572327044025,
0.182389937106918, 0.974842767295597, 0.974842767295597, 0, 0.0251572327044025,
0.0251572327044025, 0.0251572327044025, 0.0251572327044025, 0.0251572327044025,
0.0251572327044025, 0.0251572327044025, 0.0251572327044025, 0.0251572327044025,
0.0251572327044025, 0.0251572327044025, 0.0251572327044025, 0.0251572327044025,
0.0251572327044025, 0.0251572327044025, 0.0251572327044025, 0,
0.0251572327044025, 0.679245283018868, 0.823899371069182, 0, 0.0251572327044025,
0.484276729559748, 0.874213836477987, 0.0251572327044025, 0.0251572327044025,
0.855345911949686, 0.484276729559748, 0.484276729559748, 0.0251572327044025,
0.0251572327044025, 0.484276729559748, 0.0251572327044025, 0, 0.861635220125786,
0.484276729559748, 0, 0.0251572327044025, 0.0251572327044025,
0.0251572327044025, 0.0251572327044025, 0.0251572327044025, 0.182389937106918,
0.484276729559748, 0.484276729559748, 0, 0.0251572327044025, 0.0251572327044025,
0.0251572327044025, 0.0251572327044025, 0.0251572327044025, 0.0251572327044025,
0.0251572327044025, 0.0251572327044025, 0.0251572327044025, 0.0251572327044025,
0.0251572327044025, 0.0251572327044025, 0.0251572327044025, 0.0251572327044025,
0.0251572327044025, 0.0251572327044025, 0, 0.0251572327044025,
0.484276729559748, 0.484276729559748, 0, 0.0314465408805031, 0.0251572327044025,
0.0251572327044025, 0.748427672955975, 0.70440251572327, 0.0251572327044025,
0.0251572327044025, 0.0251572327044025, 0.0314465408805031, 0.0314465408805031,
0.0251572327044025, 0.0314465408805031, 0, 0.0251572327044025,
0.0251572327044025, 0, 0.0314465408805031, 0.0314465408805031,
0.0314465408805031, 0.0314465408805031, 0.0314465408805031, 0.0251572327044025,
0.0251572327044025, 0.0251572327044025, 0, 0.0314465408805031,
0.0314465408805031, 0.70440251572327, 0.0314465408805031, 0.0314465408805031,
0.0314465408805031, 0.0314465408805031, 0.0314465408805031, 0.0314465408805031,
0.0314465408805031, 0.0314465408805031, 0.70440251572327, 0.0314465408805031,
0.0314465408805031, 0.0314465408805031, 0.0314465408805031, 0,
0.0314465408805031, 0.0251572327044025, 0.0251572327044025, 0,
0.0314465408805031, 0.0251572327044025, 0.0251572327044025, 0.70440251572327,
0.748427672955975, 0.0251572327044025, 0.0251572327044025, 0.0251572327044025,
0.0314465408805031, 0.0314465408805031, 0.0251572327044025, 0.0314465408805031,
0, 0.0251572327044025, 0.0251572327044025, 0, 0.0314465408805031,
0.0314465408805031, 0.0314465408805031, 0.0314465408805031, 0.0314465408805031,
0.0251572327044025, 0.0251572327044025, 0.0251572327044025, 0,
0.0314465408805031, 0.0314465408805031, 0.723270440251572, 0.0314465408805031,
0.0314465408805031, 0.0314465408805031, 0.0314465408805031, 0.0314465408805031,
0.0314465408805031, 0.0314465408805031, 0.0314465408805031, 0.723270440251572,
0.0314465408805031, 0.0314465408805031, 0.0314465408805031, 0.0314465408805031,
0, 0.0314465408805031, 0.0251572327044025, 0.0251572327044025, 0,
0.0251572327044025, 0.484276729559748, 0.855345911949686, 0.0251572327044025,
0.0251572327044025, 0.874213836477987, 0.484276729559748, 0.484276729559748,
0.0251572327044025, 0.0251572327044025, 0.484276729559748, 0.0251572327044025,
0, 0.855345911949686, 0.484276729559748, 0, 0.0251572327044025,
0.0251572327044025, 0.0251572327044025, 0.0251572327044025, 0.0251572327044025,
0.182389937106918, 0.484276729559748, 0.484276729559748, 0, 0.0251572327044025,
0.0251572327044025, 0.0251572327044025, 0.0251572327044025, 0.0251572327044025,
0.0251572327044025, 0.0251572327044025, 0.0251572327044025, 0.0251572327044025,
0.0251572327044025, 0.0251572327044025, 0.0251572327044025, 0.0251572327044025,
0.0251572327044025, 0.0251572327044025, 0.0251572327044025, 0,
0.0251572327044025, 0.484276729559748, 0.484276729559748, 0, 0.0251572327044025,
0.679245283018868, 0.484276729559748, 0.0251572327044025, 0.0251572327044025,
0.484276729559748, 0.874213836477987, 0.679245283018868, 0.0251572327044025,
0.0251572327044025, 0.679245283018868, 0.0251572327044025, 0, 0.484276729559748,
0.861635220125786, 0, 0.0251572327044025, 0.0251572327044025,
0.0251572327044025, 0.0251572327044025, 0.0251572327044025, 0.182389937106918,
0.679245283018868, 0.679245283018868, 0, 0.0251572327044025, 0.0251572327044025,
0.0251572327044025, 0.0251572327044025, 0.0251572327044025, 0.0251572327044025,
0.0251572327044025, 0.0251572327044025, 0.0251572327044025, 0.0251572327044025,
0.0251572327044025, 0.0251572327044025, 0.0251572327044025, 0.0251572327044025,
0.0251572327044025, 0.0251572327044025, 0, 0.0251572327044025,
0.855345911949686, 0.679245283018868, 0, 0.0251572327044025, 0.685534591194969,
0.484276729559748, 0.0251572327044025, 0.0251572327044025, 0.484276729559748,
